beautiful: [0.78901297 1.3785591 ]
boy: [ 1.3951812 -1.2405205]
can: [0.3944195 0.8508809]
children: [-0.86800843  0.62566715]
daughter: [1.3874773 1.6486948]
family: [-1.2709821   0.50108767]
future: [0.217294   0.29168707]
king: [-0.8096952 -0.6306409]
man: [0.56131583 0.07282628]
now: [1.0281535  0.07277169]
only: [ 0.8639435 -0.5887797]
prince: [-0.12636647 -0.69288427]
princess: [-1.1831522  -0.72584903]
queen: [-0.20163655  1.1517684 ]
realm: [-0.7566771  1.0692669]
royal: [-0.68991715  1.4339347 ]
rule: [-1.504147  -0.0503685]
son: [ 1.0381311  -0.78596663]
strong: [ 1.0283098 -1.2249187]
their: [-1.58565    0.9620947]
woman: [0.40440655 0.76550716]
